# scripturl01 :: http://climexp.knmi.nl/getindices.cgi?STATION=SOI&TYPE=i&WMO=NCEPData/cpc_soi&id=$id
# SOI (Southern Oscillation Index) from NCEP
# Tahiti - Darwin SLP standardized
# <a href="ftp://ftp.cpc.ncep.noaa.gov/wd52dg/data/indices/soi.his">historical data</a>
# <a href="http://www.cpc.ncep.noaa.gov/data/indices/soi">recent data</a>
# institution :: NOAA/NCEP/CPC
# link :: http://www.cpc.noaa.gov/data/indices/
# SOI [1] CPC SOI index
# history :: retrieved from NCEP and converted 2021-08-04 11:19:11
1882    -1.0    -0.3     0.4     0.0     0.5    -1.2    -2.1    -2.8    -1.7     0.0     0.1     1.0
1883     0.8    -1.3    -3.2     1.1     1.1     0.2    -1.2     0.0    -1.0     0.3     0.2    -2.2
1884    -1.7    -1.0     0.9    -1.0     0.1     0.7    -0.4    -0.7    -0.7     0.3    -0.2    -1.8
1885    -2.2     0.0     0.6     0.0    -0.2    -1.2    -0.4    -1.1    -0.4    -2.0    -1.6     0.6
1886    -0.2    -0.1     0.3     0.2     0.6     0.2     0.7     1.2     1.4     1.3     0.8     1.6
1887     1.6     1.2     1.0     0.6    -0.4     0.3     0.4     0.3     0.6     0.5    -0.6     0.6
1888    -0.6    -0.3    -1.4    -1.8    -0.8    -1.3    -1.6    -1.0    -1.1    -1.5    -1.4    -0.4
1889    -3.5    -0.3    -3.4     0.0    -0.1     1.7     0.1     0.0     1.1     0.2     1.9     2.5
1890     2.6     1.4     1.5     0.6     0.3     0.4    -0.4    -0.5     0.8     0.3     0.0    -0.1
1891     2.1    -0.7    -1.3     0.4     0.0    -0.1    -0.6    -0.8    -1.0     0.0    -0.6    -0.7
1892     0.2    -1.5     1.2     0.6     0.9     1.4     0.8     0.4  -999.9  -999.9  -999.9  -999.9
1896     0.7     1.1    -0.3    -0.1    -2.6    -2.0    -1.5    -1.6    -1.5    -1.4    -0.6    -1.3
1897    -1.6    -1.1    -2.1    -1.4    -1.5    -0.2    -0.1     0.1     0.0     0.1    -0.9     1.1
1898     0.9     0.6     2.0     0.8    -0.1    -0.3     0.6     0.7     1.0     0.3     0.1     0.3
1899     1.6     1.0     1.4     0.2    -0.5    -0.8    -0.6    -1.1    -0.2     0.6     1.4    -0.5
1900    -1.0    -1.0    -3.2    -1.4    -0.6     1.9     1.0     0.6    -1.8    -2.0    -0.7    -0.8
1901    -0.2     0.3     1.0     0.4     0.0     1.4     1.4     0.9    -1.7    -2.5    -1.0    -0.3
1902     2.2    -0.4     1.3     0.6     0.8     0.2     0.1    -1.0    -1.9    -0.9    -0.5    -0.4
1903    -1.3    -1.6     1.8     1.4     0.8    -0.1     0.4    -0.1     0.9     0.4     0.0     1.8
1904     1.8     2.0     1.0     2.4     0.7    -0.7    -1.0    -0.1     0.1    -0.1    -1.8     0.1
1905    -1.2    -2.5    -3.6    -3.3    -3.0    -2.5    -2.0    -1.0    -0.7    -0.8    -1.9    -1.9
1906    -0.6    -1.2  -999.9  -999.9  -999.9    -0.4     0.5     1.4     1.9     0.8     1.9  -999.9
1908  -999.9  -999.9  -999.9  -999.9  -999.9  -999.9  -999.9  -999.9     2.0     0.7     0.1    -0.8
1909    -0.3    -0.4    -0.3    -1.1     0.1     1.6     1.0     0.8     0.0     0.2     0.6     0.5
1910     0.6     1.9     1.3     0.3     0.1     1.7     2.0     0.9     1.5     0.9     1.7     1.9
1911     0.2     0.1     0.3     0.0    -0.6    -1.1    -1.3    -1.3    -0.9    -1.4    -0.9    -0.4
1912    -1.4    -2.4    -1.2    -1.7    -1.0    -0.6    -0.2    -1.0    -0.5    -0.8     0.1    -1.2
1913    -0.5    -0.8    -0.1    -0.6    -0.6    -0.5    -0.2    -1.0    -1.1    -1.1    -1.2    -1.0
1914    -0.7     0.2     1.0  -999.9  -999.9  -999.9  -999.9  -999.9  -999.9    -0.9  -999.9  -999.9
1915  -999.9  -999.9  -999.9  -999.9  -999.9  -999.9  -999.9  -999.9  -999.9  -999.9    -1.6     1.0
1916     0.6    -0.6    -1.0     0.0     0.4     0.6     2.4     1.4     0.4     0.5     0.8     1.6
1917     0.6     1.4     1.9     1.7     1.8     1.6     2.6     3.3     3.2     1.5     1.9     2.6
1918     1.8     2.1    -0.4     1.4     0.9    -0.4    -1.5    -0.6    -0.8    -0.6    -0.1    -1.1
1919    -2.2    -1.6    -1.7    -0.2    -0.7    -0.9    -0.9    -0.9    -0.5    -1.2    -1.2    -1.3
1920     0.1    -0.5    -0.7    -0.1    -0.2     0.3     0.8     0.3     0.6    -0.6    -0.1     1.0
1921     1.5     0.7  -999.9  -999.9  -999.9  -999.9     0.2    -0.8     0.4     1.0     0.6     0.8
1922     0.9     1.0     0.5    -0.4    -0.5     0.2     0.1    -0.3     0.5     0.5     0.7     1.2
1923     0.6     0.4     0.9     0.6     0.1    -0.2    -1.2    -2.0    -1.6    -0.7    -1.4     0.2
1924    -0.7     0.0     0.2    -1.2     0.9     0.5     0.7     1.0     0.8     0.7     1.0     0.4
1925     0.6     1.8     1.5     1.0    -0.1    -0.5    -1.4    -1.2    -0.6    -1.5    -1.1    -1.2
1926    -1.9    -3.1    -2.7    -1.6    -1.2    -1.7    -1.2    -2.0    -0.9    -0.8    -1.1    -0.5
1927     0.5    -0.1     2.0     0.6     0.5  -999.9  -999.9  -999.9     0.0    -0.6    -0.9     0.8
1928    -1.3     1.3     1.4     1.0    -0.2    -0.7     0.0     0.9     1.0     0.9     0.1     1.4
1929     1.9     2.3     0.5     0.3    -1.0     0.1     0.3    -0.1    -0.1     0.7     1.0     0.6
1930     1.5     0.8     0.0    -0.2     0.1    -0.6    -0.5    -0.4    -0.7     0.4     0.1    -0.4
1931     0.9    -2.0     0.5     0.7     1.2     1.3     0.9  -999.9  -999.9  -999.9  -999.9  -999.9
1932  -999.9  -999.9  -999.9  -999.9  -999.9  -999.9  -999.9  -999.9    -1.1    -0.6    -0.6     0.2
1933    -1.6     0.4    -0.4     0.3     0.5    -0.4     0.2    -0.2     0.3     0.2     0.5     0.9
1934     0.7     0.0    -0.1     0.4    -0.5     0.8     0.2    -2.5    -0.7     0.3     1.1    -0.4
1935     0.8    -0.7     1.3     0.3    -0.4    -0.2     0.0     0.1     0.6     0.7     0.2    -0.6
1936    -0.3    -0.1     0.0     0.5     0.4    -0.3     0.3    -1.0     0.2    -0.1    -1.5    -0.1
1937     1.1    -0.8     0.6     0.1    -0.1     0.1    -0.5     0.1     0.1    -0.5    -0.5     0.6
1938     0.8     0.4    -0.5     0.3     1.0     1.3     1.8     1.0     0.9     1.3     0.0     1.6
1939     2.1     0.8     1.1     0.7    -0.1    -0.2     0.8    -0.3    -1.1    -1.7    -1.0    -1.2
1940    -0.1    -0.8    -1.3    -0.7    -1.2    -1.7    -1.6    -1.9    -2.0    -1.9    -0.9    -2.6
1941    -1.4    -2.2    -1.4    -0.9    -0.6    -1.2    -2.0    -2.0    -0.9    -2.2    -1.1    -1.2
1942    -1.8    -0.7    -0.8    -0.4     0.4     0.5    -0.2     0.2     0.9     0.7    -0.6     1.6
1943     1.2     1.2     0.3     1.0     0.2    -0.7     0.2     0.6     0.5     0.8     0.2    -1.2
1944    -1.2     0.4     0.5    -0.4    -0.1    -0.4    -0.9     0.2     0.3    -1.0    -0.8     0.3
1945     0.6     0.7     1.4    -0.5     0.0     0.5     0.3     1.0     0.9     0.1    -0.5     0.7
1946    -0.4     0.4    -0.4    -0.7    -0.9    -0.9    -1.1    -0.6    -1.8    -1.4    -0.3    -0.9
1947    -0.7    -0.8     1.2    -0.4    -1.1     0.1     0.9     0.5     1.2    -0.3     0.7     0.5
1948    -0.5    -0.5    -0.7     0.2     0.3    -0.5     0.0    -0.6    -0.9     0.5     0.2    -0.9
1949    -1.1     0.1     0.5     0.1    -0.5    -1.0    -0.2    -0.6     0.2     0.4    -0.8     0.7
1950     0.5     2.1     1.9     1.2     0.6     2.0     2.0     1.1     0.7     1.6     1.0     2.7
1951     1.5     0.9    -0.1    -0.3    -0.7     0.2    -1.0    -0.2    -1.1    -1.0    -0.8    -0.7
1952    -0.9    -0.6     0.5    -0.2     0.8     0.7     0.5     0.1    -0.2     0.4     0.0    -1.2
1953     0.3    -0.5    -0.2     0.2    -1.7     0.1    -0.0    -1.2    -1.2     0.1    -0.3    -0.5
1954     0.7    -0.3     0.3     0.6     0.5     0.1     0.4     1.1     0.2     0.3     0.1     1.4
1955    -0.5     1.9     0.6    -0.1     1.0     1.3     1.6     1.5     1.3     1.5     1.2     1.0
1956     1.3     1.6     1.3     0.9     1.4     1.1     1.1     1.2     0.1     1.8     0.2     1.1
1957     0.6    -0.1     0.2     0.2    -0.7     0.2     0.2    -0.5    -0.9     0.0    -1.0    -0.3
1958    -1.9    -0.5     0.3     0.4    -0.5     0.3     0.4     0.9    -0.3     0.1    -0.4    -0.6
1959    -0.9    -1.4     1.3     0.4     0.5    -0.1    -0.3    -0.1     0.0     0.5     0.9     0.9
1960     0.1     0.1     1.0     0.8     0.5     0.1     0.5     0.8     0.7     0.1     0.5     0.8
1961    -0.3     0.9    -1.8     0.8     0.3     0.1     0.2     0.2     0.1    -0.3     0.5     1.5
1962     2.0    -0.3     0.1     0.2     1.1     0.7     0.1     0.6     0.4     1.0     0.3     0.2
1963     1.0     0.6     1.1     0.8     0.4    -0.5    -0.1     0.0    -0.6    -1.2    -0.8    -1.2
1964    -0.4     0.0     1.1     1.1     0.2     0.8     0.6     1.5     1.3     1.3     0.2    -0.3
1965    -0.4     0.4     0.8    -0.5     0.2    -0.6    -1.8    -0.7    -1.3    -0.9    -1.5     0.2
1966    -1.3    -0.2    -0.9    -0.2    -0.4     0.3     0.1     0.6    -0.2    -0.1    -0.0    -0.3
1967     1.7     1.7     1.2    -0.0    -0.0     0.6     0.2     0.7     0.5     0.1    -0.4    -0.6
1968     0.5     1.3     0.1     0.0     1.2     1.1     0.7     0.3    -0.3    -0.1    -0.3     0.2
1969    -1.5    -0.5     0.4    -0.4    -0.2     0.2    -0.5    -0.1    -1.0    -0.9    -0.1     0.4
1970    -1.1    -1.0     0.6    -0.1     0.4     1.0    -0.4     0.6     1.2     1.0     1.6     1.9
1971     0.4     2.0     2.3     1.7     0.9     0.4     0.2     1.5     1.4     1.7     0.5     0.3
1972     0.5     1.1     0.6    -0.1    -1.6    -0.5    -1.4    -0.5    -1.4    -0.9    -0.3    -1.3
1973    -0.3    -1.4     0.7     0.1     0.4     1.1     0.6     1.3     1.2     0.8     2.6     1.8
1974     2.4     2.1     2.4     0.9     1.0     0.4     1.1     0.8     1.1     0.9    -0.1     0.2
1975    -0.5     0.8     1.6     1.2     0.6     1.3     1.9     2.0     2.1     1.7     1.2     2.1
1976     1.4     1.7     1.7     0.3     0.4     0.3    -0.9    -0.8    -1.1     0.4     0.7    -0.3
1977    -0.4     1.2    -0.5    -0.4    -0.5    -0.9    -1.1    -0.8    -0.8    -1.0    -1.3    -1.1
1978    -0.3    -2.7    -0.2    -0.3     1.4     0.7     0.6     0.4     0.1    -0.4    -0.0    -0.1
1979    -0.4     1.0     0.1    -0.1     0.5     0.6     1.3    -0.2     0.1    -0.1    -0.4    -0.7
1980     0.4     0.3    -0.4    -0.6    -0.0    -0.0    -0.0     0.4    -0.5     0.0    -0.3    -0.1
1981     0.4    -0.2    -1.3    -0.1     0.8     1.2     0.8     0.7     0.3    -0.4     0.2     0.5
1982     1.2     0.3     0.6     0.1    -0.3    -1.0    -1.5    -1.7    -1.7    -1.7    -2.6    -2.2
1983    -3.5    -3.6    -2.4    -0.9     0.6     0.0    -0.6     0.1     0.9     0.4    -0.1     0.0
1984     0.2     0.9    -0.2     0.3     0.2    -0.3     0.2     0.4     0.1    -0.3     0.3    -0.1
1985    -0.3     1.2     0.8     1.2     0.4    -0.4    -0.1     1.0     0.0    -0.4    -0.2     0.2
1986     1.0    -1.0     0.5     0.3    -0.2     1.0     0.3    -0.4    -0.5     0.6    -1.2    -1.4
1987    -0.7    -1.2    -1.3    -1.4    -1.3    -1.1    -1.4    -0.9    -1.0    -0.4    -0.0    -0.5
1988    -0.1    -0.4     0.6     0.1     0.9     0.1     1.0     1.5     1.8     1.4     1.7     1.2
1989     1.5     1.2     1.1     1.6     1.2     0.7     0.9    -0.3     0.5     0.8    -0.2    -0.5
1990    -0.1    -1.8    -0.4     0.2     1.2     0.3     0.5    -0.2    -0.7     0.3    -0.5    -0.2
1991     0.6     0.3    -0.7    -0.6    -1.0    -0.1     0.0    -0.4    -1.5    -1.0    -0.7    -1.8
1992    -2.9    -0.9    -2.0    -1.0     0.3    -0.6    -0.6     0.4     0.1    -1.4    -0.7    -0.6
1993    -0.9    -0.7    -0.5    -1.2    -0.3    -0.8    -0.8    -0.9    -0.7    -1.1    -0.1     0.2
1994    -0.1     0.3    -0.7    -1.3    -0.7    -0.4    -1.3    -1.2    -1.6    -1.1    -0.6    -1.2
1995    -0.4    -0.1     0.8    -0.7    -0.4     0.1     0.4     0.3     0.3     0.0     0.0    -0.5
1996     1.0     0.3     1.1     0.8     0.3     1.2     0.7     0.7     0.6     0.6    -0.1     0.9
1997     0.5     1.7    -0.4    -0.6    -1.3    -1.4    -0.8    -1.4    -1.4    -1.5    -1.2    -1.0
1998    -2.7    -2.0    -2.4    -1.4     0.3     1.0     1.2     1.2     1.0     1.1     1.0     1.4
1999     1.8     1.0     1.3     1.4     0.2     0.3     0.5     0.4    -0.1     1.0     1.0     1.4
2000     0.7     1.7     1.3     1.2     0.4    -0.2    -0.2     0.7     0.9     1.1     1.8     0.8
2001     1.0     1.7     0.9     0.2    -0.5     0.3    -0.2    -0.4     0.2    -0.0     0.7    -0.8
2002     0.4     1.1    -0.2    -0.1    -0.8    -0.2    -0.5    -1.0    -0.6    -0.4    -0.5    -1.1
2003    -0.2    -0.7    -0.3    -0.1    -0.3    -0.6     0.3     0.1    -0.1     0.0    -0.3     1.1
2004    -1.3     1.2     0.4    -0.9     1.0    -0.8    -0.5    -0.3    -0.3    -0.1    -0.7    -0.8
2005     0.3    -3.1     0.3    -0.6    -0.8     0.4     0.2    -0.3     0.4     1.2    -0.2    -0.0
2006     1.7     0.1     1.8     1.1    -0.5    -0.2    -0.6    -1.0    -0.6    -1.3     0.1    -0.3
2007    -0.8    -0.1     0.2    -0.1    -0.1     0.5    -0.3     0.4     0.2     0.7     0.9     1.7
2008     1.8     2.6     1.4     0.7    -0.1     0.6     0.3     1.0     1.2     1.3     1.3     1.4
2009     1.1     1.9     0.4     0.8    -0.1     0.1     0.2    -0.2     0.3    -1.2    -0.6    -0.7
2010    -1.1    -1.5    -0.7     1.2     0.9     0.4     1.8     1.8     2.2     1.7     1.3     2.9
2011     2.3     2.7     2.5     1.9     0.4     0.2     1.0     0.4     1.0     0.8     1.1     2.5
2012     1.1     0.5     0.7    -0.3     0.0    -0.4    -0.0    -0.2     0.2     0.3     0.3    -0.6
2013    -0.1    -0.2     1.5     0.2     0.8     1.2     0.8     0.2     0.3    -0.1     0.7     0.1
2014     1.4     0.1    -0.9     0.8     0.5     0.2    -0.2    -0.7    -0.7    -0.6    -0.9    -0.6
2015    -0.8     0.2    -0.7    -0.0    -0.7    -0.6    -1.1    -1.4    -1.6    -1.7    -0.5    -0.6
2016    -2.2    -2.0    -0.1    -1.2     0.4     0.6     0.4     0.7     1.2    -0.3    -0.1     0.3
2017     0.2    -0.1     0.9    -0.2     0.3    -0.4     0.8     0.5     0.6     0.9     0.9    -0.1
2018     1.1    -0.5     1.5     0.5     0.4    -0.1     0.2    -0.3    -0.9     0.4    -0.1     1.0
2019    -0.0    -1.4    -0.3     0.1    -0.4    -0.5    -0.4    -0.1    -1.2    -0.4    -0.8    -0.6
2020     0.2    -0.1    -0.1     0.2     0.4    -0.4     0.4     1.1     0.9     0.5     0.7     1.8
2021     1.9     1.5     0.4     0.3     0.5     0.4     1.4  -999.9  -999.9  -999.9  -999.9  -999.9
