1868 999 999  -2   1   3   1   5   9  12  15  14  11\
1869   6   2  -2  -1   0   0  -3  -2  -3  -5  -8  -7\
1870  -9  -7  -5  -4  -3  -2  -4  -5  -6  -5  -6  -6\
1871  -5  -2  -1  -1   0   0  -1  -3  -2  -5  -7  -8\
1872  -8  -9  -7  -7  -6  -5  -6  -6  -6  -7  -8  -8\
1873 -10  -9 -10 -10  -8  -6  -6  -6  -6  -8 -10 -11\
1874 -12 -12 -10  -9  -7  -7  -8 -10 -10 -12 -10  -8\
1875  -7  -6  -4  -4  -5  -7  -8  -8  -8  -9  -8  -8\
1876 -11 -11 -10  -9  -7  -3  -3  -1   1   2   4   8\
1877   8  11  11  11  10  13  14  19  18  21  22  21\
1878  15  18  16  12   9  10   8   6   6   3   2   2\
1879   1  -1  -1  -2  -3  -1   0   0   0  -2  -5  -6\
1880  -5  -3  -1   1   0   1   0   3   4   6   6   6\
1881   5   6   5   5   6   4   3   2  -1  -4  -4  -7\
1882  -6  -5  -3  -3  -3  -4  -5  -6  -5  -5  -5  -4\
1883  -3  -3   0   0   1   1   0   0   1   0  -1   1\
1884   2   4   5   6   5   4   3   4   6   7   8   7\
1885   6   4   3   0   0   0   0   2   5   9   9   8\
1886   5   1  -2  -5  -6  -7  -6  -9  -8  -8  -8  -7\
1887  -7  -5  -3  -3  -1  -1   0   1   2   2   3   5\
1888   5   7   9  10  10  11  13  15  17  20  23  21\
1889  19  17  12   8   5   2  -2  -5  -7  -8  -9  -8\
1890  -7  -6  -5  -4  -6  -6  -6  -8  -8  -7  -5  -3\
1891  -1   3   5   7   6   8   5   4   4   4   3   3\
1892   1  -1  -3  -6 -10 -12 -14 -16 -16 -15 -15 -15\
1893 -13 -12 -11 -12 -11 -10 -11 -11 -10  -8  -9  -8\
1894  -7  -6  -7  -4  -2  -2  -2  -2  -3  -4  -3  -4\
1895  -3  -3  -2  -3  -2   1   3   4   7   8   8   6\
1896   5   4   3   3   6   9  11  13  17  18  17  18\
1897  17  13   9   4   2   0  -1   0   0  -2  -4  -4\
1898  -6  -6  -6  -5  -5  -5  -5  -5  -4  -5  -4  -2\
1899  -1   0   5   7   9  11  12  14  15  16  16  16\
1900  14  13  11  11   9   8   8   7   5   4   3   2\
1901   1   1  -1  -1  -3  -2  -4  -3  -1   1   1   3\
1902   3   4   4   6   9  11  12  14  14  14  13  12\
1903  10   6   2   0  -3  -6  -8  -9  -9 -10  -9  -9\
1904  -8  -8  -6  -4  -1   3   6   8   9   9   7   7\
1905   6   8   9  11  13  14  15  14  14  13  12  10\
1906   7   6   3   0  -2  -3  -4  -5  -5  -5  -5  -5\
1907  -5  -5  -5  -5  -4  -2   0   1   2   2   0  -1\
1908  -1  -3  -6  -4  -4  -3  -3  -3  -3  -5  -7  -9\
1909  -9 -10 -10 -10  -8  -8  -8  -8  -9 -11 -11 -11\
1910 -13 -14 -14 -14 -15 -12 -10  -9  -8  -9  -9  -9\
1911 -10 -10 -10  -9  -7  -3   2   5   9  11  13  13\
1912  13  12  10   6   3   1   0  -1  -1  -1   0  -1\
1913  -2  -3  -4  -4  -2   0   3   6   9  10  10   9\
1914   7   5   2  -1   2   5   4   7   7   5   4   5\
1915   1   5   5   2   4   4   1   1   1  -3  -4  -4\
1916  -6  -6  -4  -5  -8  -9 -12 -17 -19 -22 -22 -22\
1917 -18 -15 -10  -6  -2   2   3   4   2   0  -4  -8\
1918  -7  -7  -3  -1   5   9  11  11  14  14  10  11\
1919   5   3   3   7   7   7   9   6   1  -1   3   5\
1920   5   6   6   5   0   1   1   0   0  -1  -1  -4\
1921  -5  -8  -7  -9  -6  -4  -2  -1  -1   0  -2  -3\
1922  -5  -5  -6  -7  -8  -8  -8  -9  -9 -10  -9  -9\
1923  -8  -5  -2   0   3   3   4   4   4   5   5   5\
1924   2  -1  -5  -7 -11 -11 -11 -11 -11  -9  -8  -6\
1925  -4  -3  -1   2   4   6   8  11  14  15  16  16\
1926  13  11  10   7   6   5   3   0  -1  -1   0   2\
1927   4   5   4   4   2   2   3   4   5   5   5   5\
1928   4   4   5   3   2   2   1  -1   0   0   0   0\
1929   0   2   3   3   4   5   4   4   6   6   6   5\
1930   5   5   5   5   7   9  10  12  15  16  19  19\
1931  19  17  13   9   5   3  -1  -2  -4  -4  -3  -1\
1932   2   6   9   9  10   8   6   5   4   2   2   3\
1933   2   3   3   2   1   0  -3  -4  -4  -6  -4  -2\
1934  -2   1   5   6   6   8   6   4   3   2  -1  -1\
1935  -2  -1  -1   0   0   2   2   3   4   3   3   3\
1936   2   3   5   4   4   3   2   1   2  -1  -1  -1\
1937  -1  -3  -1   1   2   0   1   3   2  -2  -2  -3\
1938  -6  -8  -7  -8  -5  -6  -5  -3  -3  -6  -6  -6\
1939  -9  -8  -5  -4  -2   3   3   3   2   2   1   2\
1940   4   5   5   4   4   3   5   5   6   5   7   9\
1941  11  10  11   8   5   5   4   4   6   6   6   5\
1942   4   2   1  -1  -3  -5  -8 -11 -12 -13 -14 -15\
1943 -14 -13 -10  -6  -2   1   1   0  -2  -4  -7  -6\
1944  -4  -2   0   2   3   4   2   0  -2  -6  -7  -8\
1945  -9  -8  -5  -3  -2  -1   1   0  -3  -4  -7 -10\
1946 -11 -10  -9  -8  -6  -6  -4  -3  -1  -2   0  -1\
1947  -1   2   1   2   2   1  -3  -3  -4  -6  -5  -3\
1948   1   2   5   4   2   1  -1  -5  -3  -2  -3   0\
1949   1   2   0   0  -1  -2  -6  -8 -10 -11 -13 -13\
1950 -12 -10  -9  -8  -6  -6  -5  -4  -5  -6  -6  -5\
1951  -4  -1   1   2   5   8   9  11  12  10   9   8\
1952   7   5   3   1  -1  -1  -2  -2  -2  -2  -1   0\
1953   1   3   6   6   7   6   5   5   4   4   4   2\
1954   2  -3  -5  -8 -10 -12 -11 -10  -9 -10  -9  -8\
1955  -8  -7  -7  -8  -9  -9 -12 -12 -14 -14 -16 -13\
1956 -10  -7  -6  -4  -5  -5  -6  -6  -7  -7  -8  -6\
1957  -4  -1   2   6   8  11  10  10  11  11  11  12\
1958  12  10   8   5   4   3   2   1   1   0  -1  -1\
1959   0   0   1   0   0  -1  -2  -2  -2  -2  -1  -1\
1960  -1   0   0  -1   0   0  -1  -2  -2  -3  -4  -3\
1961  -2  -1   0   1   0  -1  -4  -6  -7  -6  -6  -3\
1962  -2  -3  -3  -3  -4  -4  -4  -3  -4  -5  -6  -6\
1963  -5  -3  -1   1   4   6   6   7   8   8   7   7\
1964   5   2  -3  -6  -7  -9 -10  -9  -9 -10  -9  -8\
1965  -7  -4   0   4   6   9  10  11  12  13  13  12\
1966  10   7   3   0  -1  -1  -3  -1  -2  -4  -5  -3\
1967  -5  -5  -3  -2  -2  -2  -3  -5  -7  -8  -9 -10\
1968 -10  -9  -9  -7  -3   0   1   3   4   4   5   6\
1969   6   6   7   7   7   6   7   6   7   8   9   8\
1970   7   5   2  -2  -7 -10 -13 -14 -14 -14 -14 -14\
1971 -14 -12 -10  -9  -7  -6  -6  -7  -7  -9  -9  -7\
1972  -5  -2   1   4   7  11  13  16  19  20  20  19\
1973  16  10   5  -1  -5  -8 -10 -11 -13 -14 -15 -15\
1974 -14 -11  -8  -4  -2  -1  -1  -2  -4  -5  -5  -6\
1975  -6  -5  -5  -7  -7  -7  -9 -10 -10 -13 -14 -14\
1976 -12 -10  -7  -2   2   5   7   9  10   9  10   9\
1977   8   5   3   2   1   0   0   1   1   1   3   3\
1978   3   1  -1  -3  -5  -6  -6  -6  -5  -3  -2   0\
1979   1   2   2   3   3   2   4   4   4   5   5   4\
1980   3   2   2   2   2   1   1   0   0   1   0  -1\
1981  -2  -3  -3  -2  -1  -2  -2  -2  -3  -1   1   1\
1982   1   3   4   5   6   8  10  13  17  22  26  28\
1983  27  25  23  20  17  16  14   9   4   1  -2  -3\
1984  -2  -1  -1  -2  -4  -4  -4  -4  -4  -4  -6  -7\
1985  -6  -6  -5  -5  -5  -6  -5  -5  -4  -4  -4  -4\
1986  -3  -2  -1   0   1   1   3   4   7   8   9  10\
1987  11  11  12  12  12  12  13  13  14  14  12   9\
1988   7   4   0  -5  -8 -12 -13 -14 -13 -13 -13 -13\
1989 -11  -9  -7  -5  -3  -3  -2  -2  -2  -3  -2  -1\
1990  -1   0   2   3   3   4   4   3   2   2   2   2\
1991   2   2   3   5   7   9   9   9   9   9  10  12\
1992  13  13  14  13  11   8   5   2   1   0   0   1\
1993   2   4   7   8   9   8   7   5   4   4   4   4\
1994   2   1   1   0   0   0   1   2   3   6   7   9\
1995   7   5   2   0  -1  -2  -3  -3  -4  -6  -7  -6\
1996  -5  -4  -4  -4  -3  -3  -3  -3  -3  -4  -5  -5\
1997  -4  -3   2   7  13  19  24  28  31  33  32  32\
1998  29  26  22  16  11   7   2  -3  -4  -6  -9  -9\
1999  -7  -7  -5  -4  -3  -4  -5  -7  -8 -11 -13 -13\
2000 -11  -8  -5  -3  -2  -1  -2  -2  -3  -3  -4  -4\
2001  -2  -1   1   2   2   2   0  -1  -2  -3  -4  -3\
2002  -2   0   2   5   6   7   8   9  10  11  11  11\
2003   9   6   2   0  -1   0   0   3   4   5   5   5\
2004   5   4   3   2   2   2   2   3   5   6   6   5\
2005   4   3   3   3   5   5   4   3   0  -3  -5  -5\
2006  -6  -4  -1   1   2   5   7   9  11  13  13  11\
2007   8   5   1  -1  -2  -3  -4  -6  -8 -10 -11 -12\
2008 -10  -8  -5  -2   3   5   6   6   6   3   1  -1\
2009  -2  -2   0   3   7  10  12  12  13  14  14  14\
2010  13  12   9   6   3   1  -3  -7  -8 -10 -11 -11\
2011  -9  -7  -4   0   2   3   2   1  -2  -4  -5  -4\
2012  -3  -1   1   4   6   9   9   9   8   6   3   1\
2013   1   0  -1  -1  -1  -2  -2  -1   0   1   1   0\
2014   0   0   2   4   7   9   9   9   9  10   9   8\
2015   7   7   8  11  15  20  24  26  29  30  30  29\
2016  26  22  17  12   8   4   2   1   0   0  -2   1\
2017   3   5   7   8   8   7   4   2   0  -4  -6  -7\
2018  -7  -6  -4  -1   3   5   6   8   9  10  11  11\
2019  11  10  10  10   9   8   6   5   5   5   5 999\
